0 0 0 1 100.0870 0.0000
0 0 0 1 100.0260 0.0000
0 0 0 1 100.0860 0.0000
0 0 0 1 100.0100 0.0000
0 0 1 0 10.1060 0.0000
0 1 0 0 16.6800 0.4074
0 0 0 1 100.1000 0.0000
0 1 0 0 19.3390 0.3514
0 0 0 1 100.0240 0.0000
0 0 0 1 100.0330 0.0000
9 0 0 1 100.0090 0.0000
9 0 0 1 100.0280 0.0000
9 0 0 1 100.0490 0.0000
9 0 0 1 100.0790 0.0000
9 0 0 1 100.0790 0.0000
18 0 1 0 55.6080 0.0000
18 0 0 1 100.0950 0.0000
18 0 0 1 100.0940 0.0000
18 0 0 1 100.0600 0.0000
18 0 0 1 100.0570 0.0000
27 0 1 0 18.9380 0.0000
