0 1 0 0 19.7790 0.3436 34.01 37.90 109.323 109.562
0 1 0 0 20.4190 0.3328 37.80 46.10 109.060 109.141
4 1 0 0 19.7890 0.3014 33.42 38.90 109.635 109.945
4 1 0 0 19.6680 0.3032 32.94 36.00 109.366 109.512
8 1 0 0 19.0570 0.2950 34.43 44.00 109.051 109.176
8 1 0 0 18.9600 0.2965 34.29 38.40 109.121 109.242
12 1 0 0 19.4970 0.3010 32.86 38.00 109.394 109.590
12 1 0 0 23.4370 0.2504 32.88 37.90 109.524 109.738
16 1 0 0 19.7820 0.2989 30.96 34.60 109.567 109.773
16 1 0 0 19.7060 0.3001 31.30 35.20 109.397 109.586
20 1 0 0 18.3210 0.3064 34.76 38.70 109.003 109.105
20 1 0 0 18.4340 0.3046 34.76 40.50 108.907 108.953
24 1 0 0 19.5150 0.3180 31.33 36.10 109.687 109.961
24 1 0 0 19.4490 0.3191 31.40 34.80 109.434 109.637
28 1 0 0 18.6580 0.2930 33.69 37.90 109.238 109.406
28 1 0 0 18.6640 0.2929 33.43 36.20 109.103 109.242
32 1 0 0 18.4100 0.3086 33.07 37.80 109.393 109.547
32 1 0 0 18.2590 0.3112 33.98 42.60 109.523 109.598
36 1 0 0 18.1780 0.2897 34.46 38.50 108.949 109.000
36 1 0 0 18.1020 0.2909 34.26 37.60 109.387 109.574
40 1 0 0 18.3600 0.2969 34.24 37.90 108.994 109.082
40 1 0 0 18.3030 0.2978 34.62 39.70 109.139 109.176
44 1 0 0 19.0100 0.3162 33.04 39.60 109.159 109.402
44 1 0 0 19.2360 0.3125 33.41 39.60 108.961 109.055
48 1 0 0 19.2320 0.2922 31.75 35.70 109.450 109.734
48 1 0 0 19.3550 0.2904 31.58 36.90 109.043 109.172
52 1 0 0 19.5320 0.2739 34.72 40.00 109.239 109.395
52 1 0 0 19.5290 0.2740 34.01 39.50 109.266 109.391
56 1 0 0 18.9660 0.2770 34.79 42.60 109.244 109.324
56 1 0 0 19.1190 0.2748 33.86 39.00 109.457 109.461
60 1 0 0 19.5950 0.2791 34.12 38.30 109.067 109.168
60 1 0 0 20.3400 0.2689 34.56 39.20 109.574 109.719
64 1 0 0 20.0840 0.2749 33.08 37.80 109.394 109.680
64 1 0 0 19.9330 0.2770 33.13 38.40 109.286 109.477
68 1 0 0 18.7630 0.3128 33.85 37.10 109.194 109.344
68 1 0 0 18.6080 0.3154 35.02 40.40 108.908 109.047
72 1 0 0 18.2600 0.2881 33.05 37.30 109.605 109.777
72 1 0 0 18.3330 0.2869 33.39 38.70 109.813 110.066
76 1 0 0 19.4130 0.2765 33.38 38.30 109.372 109.477
76 1 0 0 19.3620 0.2772 33.09 37.80 109.149 109.250
80 1 0 0 19.9280 0.2793 31.81 36.50 109.708 109.945
80 1 0 0 20.1630 0.2761 31.14 36.30 109.558 109.656
84 1 0 0 18.4690 0.2924 33.52 38.10 109.127 109.234
84 1 0 0 18.3940 0.2936 33.63 38.30 109.202 109.441
88 1 0 0 18.5920 0.2832 32.97 36.00 109.355 109.512
88 1 0 0 18.7360 0.2811 32.75 37.90 109.007 109.121
92 1 0 0 18.3960 0.2825 31.55 34.70 109.616 109.848
92 1 0 0 18.4330 0.2819 31.47 35.00 109.286 109.504
96 1 0 0 19.5260 0.2828 31.31 36.30 109.169 109.277
96 1 0 0 19.4530 0.2839 31.21 34.60 109.217 109.484
100 1 0 0 19.4670 0.2770 32.99 38.40 109.309 109.488
100 1 0 0 19.3890 0.2781 32.69 36.20 109.258 109.438
104 1 0 0 19.5100 0.2895 34.14 40.90 108.940 109.031
104 1 0 0 19.2540 0.2934 33.65 39.60 109.232 109.336
108 1 0 0 18.8680 0.2826 34.39 38.30 109.165 109.301
108 1 0 0 18.7050 0.2850 34.75 42.00 109.069 109.262
112 1 0 0 21.2280 0.2813 33.80 39.70 109.669 109.875
112 1 0 0 21.6570 0.2758 32.63 37.80 109.286 109.527
116 1 0 0 18.4750 0.2843 32.75 37.50 109.460 109.660
116 1 0 0 18.6380 0.2819 32.70 36.30 108.956 109.109
120 1 0 0 20.4560 0.2798 28.91 32.50 109.271 109.438
120 1 0 0 20.3550 0.2812 29.40 35.10 109.607 109.848
124 1 0 0 19.4310 0.3296 33.79 40.40 109.034 109.211
124 1 0 0 19.3960 0.3302 33.61 39.10 109.105 109.352
128 1 0 0 18.3220 0.3029 34.37 39.70 109.072 109.219
128 1 0 0 18.3960 0.3016 34.45 39.30 109.097 109.211
132 1 0 0 21.5070 0.2526 32.09 36.40 109.213 109.289
132 1 0 0 21.1800 0.2565 32.49 36.90 109.652 109.871
136 1 0 0 19.5980 0.2815 28.96 33.40 109.731 109.961
136 1 0 0 19.4760 0.2833 29.15 31.90 109.695 110.066
140 1 0 0 19.8390 0.2739 30.50 34.80 109.793 110.066
140 1 0 0 19.8260 0.2741 30.92 36.20 109.450 109.602
144 1 0 0 19.2630 0.2853 32.19 35.70 108.789 108.910
144 1 0 0 24.1940 0.2271 31.86 36.80 109.339 109.508
148 1 0 0 19.0620 0.2888 33.72 37.50 109.308 109.523
148 1 0 0 19.1770 0.2870 34.98 42.00 108.878 108.938
152 1 0 0 19.5380 0.2898 30.67 34.80 109.124 109.195
152 1 0 0 19.6570 0.2880 30.42 34.00 108.998 109.109
156 1 0 0 18.8180 0.2778 34.19 38.90 109.122 109.254
156 1 0 0 18.8810 0.2769 33.30 38.00 109.325 109.539
160 1 0 0 18.7490 0.3003 28.75 31.60 109.494 109.699
160 1 0 0 18.5910 0.3029 29.13 34.70 109.412 109.562
164 1 0 0 18.6720 0.3329 32.99 37.40 109.304 109.426
164 1 0 0 18.6030 0.3341 33.15 36.60 109.313 109.445
168 1 0 0 20.0320 0.2919 29.70 33.70 109.143 109.258
168 1 0 0 20.1960 0.2896 29.98 33.40 109.439 109.488
172 1 0 0 21.7600 0.2461 35.33 40.60 109.412 109.641
172 1 0 0 21.3610 0.2507 33.30 39.20 109.343 109.449
176 1 0 0 20.4160 0.2665 31.39 35.20 109.204 109.387
176 1 0 0 20.2420 0.2688 32.28 37.60 109.590 109.820
180 1 0 0 19.9050 0.2853 31.91 36.00 109.583 109.820
180 1 0 0 20.2910 0.2799 30.79 34.00 109.387 109.578
184 1 0 0 19.5250 0.3123 32.15 36.50 109.363 109.664
184 1 0 0 19.8260 0.3076 31.94 38.70 109.473 109.684
188 1 0 0 69.1040 0.1250 27.15 32.30 109.458 109.566
188 1 0 0 61.9300 0.1250 27.55 51.40 110.830 113.836
192 1 0 0 19.6410 0.2829 29.72 33.70 109.313 109.520
192 1 0 0 19.5440 0.2843 29.84 34.30 109.710 109.926
196 1 0 0 18.5740 0.2871 30.31 34.00 109.688 109.945
196 1 0 0 18.6990 0.2852 29.65 32.40 109.559 109.812
200 1 0 0 18.6940 0.2857 29.48 33.10 109.143 109.246
200 1 0 0 18.6020 0.2871 29.74 34.20 109.615 109.840
204 1 0 0 20.4200 0.3348 30.82 35.20 109.382 109.770
204 1 0 0 25.9680 0.2633 30.22 34.30 109.518 109.699
208 0 1 0 12.1690 0.0000 30.72 34.20 109.577 109.941
208 0 1 0 12.2050 0.0000 32.28 37.40 109.248 109.520
212 1 0 0 18.4080 0.3013 33.89 38.10 109.410 109.496
212 1 0 0 18.5930 0.2983 33.78 37.50 109.445 109.527
216 1 0 0 19.9250 0.2807 31.42 36.80 109.312 109.520
216 1 0 0 19.9400 0.2805 31.46 37.50 109.422 109.547
220 0 1 0 22.3790 0.0000 30.90 37.40 109.758 110.047
220 1 0 0 20.0240 0.2823 31.44 34.80 109.536 109.793
224 1 0 0 20.4680 0.2675 29.19 37.40 109.264 109.434
224 1 0 0 20.2450 0.2704 28.90 32.40 109.266 109.434
228 1 0 0 22.7130 0.2764 32.32 36.00 109.223 109.461
228 1 0 0 22.5700 0.2781 32.69 37.90 109.063 109.270
232 1 0 0 19.7840 0.3093 32.69 37.30 109.302 109.414
232 1 0 0 19.8440 0.3084 33.23 38.30 109.278 109.469
236 1 0 0 19.2660 0.2803 32.88 37.10 109.354 109.445
236 1 0 0 19.2630 0.2804 32.91 37.90 109.176 109.211
240 1 0 0 19.9670 0.3201 33.61 37.60 109.431 109.562
240 1 0 0 19.7150 0.3242 33.62 39.40 109.630 109.863
244 0 1 0 12.0760 0.0000 28.64 32.10 109.440 109.945
244 0 1 0 27.7430 0.0000 28.60 34.50 109.525 109.688
248 1 0 0 19.6460 0.2815 29.36 32.40 109.440 109.652
248 1 0 0 19.8090 0.2792 29.68 36.30 109.425 109.609
252 1 0 0 18.2410 0.2819 34.23 39.70 109.092 109.371
252 1 0 0 18.3930 0.2795 33.43 37.70 109.520 109.695
256 1 0 0 19.7340 0.2692 29.62 33.40 109.298 109.527
256 1 0 0 19.5190 0.2721 29.66 34.60 109.271 109.531
260 0 1 0 21.7760 0.0000 30.70 33.90 109.391 109.547
260 1 0 0 21.4200 0.2675 29.64 33.40 109.457 109.762
264 1 0 0 23.3740 0.2555 32.69 38.40 109.605 110.012
264 1 0 0 35.3460 0.1690 31.45 39.00 109.630 109.824
268 1 0 0 19.5740 0.2810 28.82 32.30 109.228 109.387
268 1 0 0 19.3590 0.2842 28.62 32.00 109.474 109.730
272 1 0 0 20.7360 0.2605 30.11 33.10 109.205 109.641
272 1 0 0 34.9080 0.1547 29.58 34.60 109.333 109.684
276 0 1 0 11.7370 0.0000 30.79 35.10 109.232 109.766
276 1 0 0 45.8600 0.1374 29.72 34.60 109.863 110.043
280 1 0 0 19.9260 0.3208 31.93 37.70 109.271 109.406
280 0 1 0 22.3990 0.0000 31.10 33.90 109.694 110.066
284 1 0 0 34.5820 0.1607 32.97 38.20 109.591 110.121
284 1 0 0 50.6880 0.1250 32.15 38.90 109.707 109.922
288 1 0 0 28.6200 0.2181 32.14 37.40 109.506 109.703
288 0 1 0 18.2000 0.0000 32.49 38.50 109.439 109.582
292 1 0 0 19.7080 0.3031 30.83 34.60 109.526 109.816
292 1 0 0 20.6800 0.2888 31.37 39.70 109.585 109.883
296 1 0 0 19.6870 0.2874 30.03 34.70 109.601 109.750
296 1 0 0 19.7450 0.2866 29.81 33.50 109.214 109.359
300 0 1 0 12.8770 0.0000 45.86 63.90 108.931 108.988
300 0 1 0 12.6540 0.0000 54.28 71.10 109.107 109.211
304 0 1 0 9.0630 0.0000 41.18 45.60 109.036 109.301
304 0 1 0 8.8860 0.0000 49.95 60.90 109.047 109.305
308 0 1 0 1.5960 0.0000 41.27 47.40 108.820 108.945
308 0 1 0 1.4980 0.0000 48.50 62.30 108.719 108.781
312 0 1 0 28.4820 0.0000 43.45 51.70 109.194 109.414
312 0 1 0 28.6220 0.0000 43.06 49.50 108.993 109.148
316 0 1 0 22.4110 0.0000 42.90 58.20 109.425 109.473
316 0 1 0 22.1890 0.0000 43.05 62.80 109.167 109.250
320 0 1 0 19.4230 0.0000 42.87 50.80 109.122 109.223
320 0 1 0 19.5700 0.0000 42.70 47.40 109.165 109.371
324 0 1 0 8.3260 0.0000 41.24 45.60 108.572 108.730
324 0 1 0 8.2240 0.0000 43.04 55.30 108.992 108.992
328 0 1 0 8.5310 0.0000 45.35 57.00 109.395 109.668
328 0 1 0 8.3330 0.0000 42.71 50.70 108.790 109.082
332 0 1 0 9.1640 0.0000 44.66 54.70 109.351 109.527
332 0 1 0 9.6640 0.0000 43.03 51.40 109.035 109.250
336 0 1 0 11.2870 0.0000 42.67 47.60 109.238 109.398
336 0 1 0 11.2680 0.0000 43.14 49.40 109.160 109.434
340 0 1 0 9.6940 0.0000 44.68 57.90 109.402 109.492
340 0 1 0 9.6940 0.0000 41.74 47.50 108.814 108.918
344 0 1 0 9.5490 0.0000 42.75 52.70 109.350 109.684
344 0 1 0 9.2990 0.0000 43.21 49.30 109.054 109.363
348 0 1 0 11.3960 0.0000 44.86 55.70 109.411 109.852
348 0 1 0 12.7550 0.0000 43.28 51.20 109.783 110.230
352 0 1 0 39.7120 0.0000 43.60 52.70 109.385 109.570
352 0 1 0 18.2950 0.0000 42.99 63.00 109.558 109.605
356 0 1 0 9.5820 0.0000 44.16 51.50 109.171 109.414
356 0 1 0 9.3140 0.0000 47.20 50.70 108.994 109.391
